#include <xs1.h>

.text
.globl _start
.globl _start.nstackwords
#if defined(__XS2A__)
  .align 4
  .issue_mode single
  _start:
    ENTSP_lu6 0
#else
  .align 2
  _start:
#endif
.set _start.nstackwords, XS1_DBG_BUFFER_WORDS + 1 + (memset.nstackwords)

.set _DoSyscall, 0x41ad8

.set _DoException, 0x400a4

.set record_decompression_time, 0

//Relocate to the end of memory
.set decompressor_bytes, _edp.bss - _start
.set decompressor_words, (decompressor_bytes + 3) / 4
.set decompressor_src, _start
.set decompressor_dest, .ram_base + .ram_size - (_start.nstackwords * 4 + decompressor_words * 4 + (0x40000 - .ram_base))
.set decompressor_offset, decompressor_dest - decompressor_src
.set done_offset, done + decompressor_offset

  ldc r0, record_decompression_time
  bf r0, skipped_time
  getr r0, 1
  in r1, res[r0]
  ldc r2, 0x7ff
  shl r2, r2, 8
    ldc r3, 0xd0
  or  r2, r2, r3
  stw r1, r2[0]
  freer res[r0]

skipped_time:
  ldap r11, decompressor_src
  mov r0, r11
  ldap r11, decompressor_dest
  ldc r1, decompressor_words
relocation_loop:
  sub r1, r1, 1
  ldw r2, r0[r1]
  stw r2, r11[r1]
  bt r1, relocation_loop
.set relocation_jump_dest, decompressor + decompressor_offset
  bl relocation_jump_dest

//The compressed binary
compressedBinary:
    .byte    75, 104,  64, 119, 209, 254, 236,  23
    .byte     4, 240, 139, 104, 194, 254, 236,  31
    .byte   195, 134,  58, 216,   2, 115,  93, 255
    .byte   236,   7, 212,   6,  68, 116, 240,  31
    .byte    53, 208,   0, 240, 177, 111, 240,  23
    .byte   224,  23,   0, 240,  26,  96,  64, 104
    .byte     0, 240, 178, 108,   2, 240, 240, 211
    .byte     0, 240,  46, 108,  91,  23, 179,  91
    .byte     7, 233, 211,   2, 240, 235,  91,   9
    .byte    47, 125,   7, 198, 106, 200, 234, 207
    .byte   234,   0, 104,   1,  84,   0, 240,  64
    .byte   104,  72, 120,   1, 100,   2, 240, 183
    .byte   211, 176, 248, 236, 151, 194, 122,   1
    .byte   144, 240,  79,  65,  91,   8, 104, 211
    .byte     2, 112,   2, 240, 180, 125,  12, 190
    .byte   125,  12,  64, 119,   0, 240,  14, 115
    .byte     1, 208, 238,   7,   7, 220, 255,   7
    .byte     5, 240, 170, 217, 251,  55,   0, 240
    .byte   109, 111, 192, 106, 251,  47, 192, 119
    .byte   192, 119,   0,   0, 125,  67, 237,   7
    .byte   236,   7,  66, 119,   3, 240, 239, 125
    .byte    35,  53, 109,   6, 121,   0, 240, 111
    .byte   109,   1, 153,   4,  75, 224,  39,   4
    .byte   117, 194, 119,  66, 119, 132, 119,   1
    .byte    85,  66,  85, 131,  85,   0, 240, 180
    .byte   109, 136, 121,   0, 105,   0, 240, 112
    .byte   109,  91,  31,   1, 145, 178, 203, 197
    .byte   118,   2, 240, 165, 211,   1,  93,  66
    .byte    93, 131,  93, 132, 103, 194, 119, 255
    .byte    23, 132, 127,   2, 135,   2,  85, 144
    .byte    23,   1, 147, 128, 175, 255,  23,  18
    .byte    79,  64, 104, 192, 144, 255,  23,   1
    .byte   240,   2, 210, 128, 183, 255,  23,  17
    .byte   207, 255,  23, 228,  23,   2,  93, 255
    .byte    23, 196, 155, 128,   7,   0, 155, 192
    .byte     7, 247, 209, 125,  71, 155, 240,   9
    .byte   134, 127,   5, 249, 236, 247,  46,  91
    .byte     2, 108, 144,  72, 144,   6, 135, 116
    .byte   144, 145,  23, 199, 144, 129, 125,  15
    .byte    22, 125,  15, 196, 125, 143, 232, 209
    .byte    21, 125,  11, 201, 175, 193,  85, 255
    .byte    23, 192,   8,  91,  62,  65, 100,  91
    .byte    62, 201, 209, 129, 125,  27, 129, 183
    .byte   192,   0, 125,  67, 229,  23, 255,  23
    .byte   125,  23, 239, 125,  27, 239, 255,  23
    .byte   198, 155, 240,  33, 125, 161, 198, 155
    .byte   192,  33, 208, 155, 240,  33, 155,  96
    .byte    33, 177, 155, 240,  33, 155, 160,  33
    .byte   155,  80, 105, 193, 144, 155, 176, 105
    .byte   187, 155,  32, 105, 144, 143, 155, 240
    .byte   129, 125, 121,   6, 135,  68, 125,  53
    .byte   255,  23, 197, 155, 160,  53, 174, 125
    .byte   181, 209,  15,  91,  26, 125, 107, 255
    .byte    23, 155,  80,  43, 125, 233, 125, 209
    .byte   255,  23,   2,  85,   0, 240,  17,  89
    .byte     1, 233, 155,  16, 153,  66, 104,   1
    .byte    56, 255,  23,   0, 240,   2, 120,   0
    .byte   104,  91,  20,   6, 115,  15, 240,  40
    .byte   104,   1, 240, 118, 209, 125, 193, 125
    .byte    49, 168, 209, 166, 193,  46, 255, 125
    .byte    20, 155,  80,  51, 144, 127,  68, 251
    .byte   236, 247, 109,  91,   2,  70, 252, 236
    .byte   247,  80, 144, 142,  86,   0, 105, 135
    .byte   100,   2, 240,  42, 104,  72, 250, 236
    .byte   143,  85, 167, 255,  23, 137,  68, 125
    .byte    15,  91,   6, 130, 106, 255,  23, 138
    .byte    91,  70, 125,  15,   8,  69, 100,  66
    .byte    86,  88, 104,  65,  84,  82, 125,   3
    .byte   176, 145, 155,  16,  75,   1, 208, 255
    .byte    23,   5,  92,  19, 176, 125, 111,  94
    .byte   120,   0, 240,  56, 108,   1, 240,  87
    .byte   209, 134, 101, 124, 167, 120, 251, 236
    .byte   143,  89,  69, 125, 109,  68,  84,   3
    .byte   240,  62, 104,  68, 125,  19, 234,  91
    .byte     8,   3, 240,  61, 104, 200,  91,  14
    .byte    72,  91,  38, 124, 104,  80, 155,  64
    .byte    31, 125,  29,  86, 196, 104, 232, 144
    .byte     0, 240, 150, 211,   1, 125, 153,  11
    .byte   120,   0, 104,  68,  92, 255,  23,  20
    .byte   136, 149, 164, 168, 129,  57,  71, 255
    .byte    23, 184, 164, 255,  23, 252, 243, 192
    .byte   106, 191,  60, 255,  23,  29,  64, 168
    .byte   172,  70,  64,  56, 137,   0, 240,   1
    .byte   115, 124, 167,  64, 144, 204, 144, 208
    .byte   144, 255,  23, 142,  94,  70, 252, 236
    .byte   239, 109, 251, 236, 239,  68,  91,   2
    .byte   255,  23, 208, 119, 255,  23, 140, 127
    .byte     7, 155,  16, 241, 251, 236, 247,  69
    .byte   252, 236, 247,  64, 125,   4,   0, 240
    .byte    16,  88, 148, 167, 125,  44, 174,  91
    .byte    22, 147,  89,  29,  91,   6, 206, 175
    .byte    91,  22, 120, 109, 155,  48, 183,  38
    .byte   209,   0, 106, 255,  23, 226, 174, 196
    .byte   144,   1, 240,  35, 209, 206, 175,  91
    .byte    20,  33, 209,  68, 101,  14, 104,  68
    .byte   253, 236, 143, 151,  67, 255,  23, 116
    .byte   254, 155,  16,  77, 192,   8, 255,  23
    .byte   209,  91,   2, 180,   8,  67, 100, 194
    .byte    85,  94, 104,  65,  84, 130, 105, 228
    .byte   144, 248, 125,  19, 255,  23, 235,  39
    .byte   255,  23,   3,  92,  66, 202, 125,  93
    .byte    10, 112,  42, 104, 255,  23, 125,  79
    .byte   155, 208,  13,  69, 155,  64,  13, 194
    .byte   104, 228, 125,  12, 235,  39,  69, 252
    .byte   236, 239, 108, 251, 236, 239,   7, 155
    .byte    32, 235, 204, 119, 255,  23, 128, 127
    .byte   130,  91,   3,   4, 249, 236, 247,  16
    .byte   144, 209, 166,  36, 192, 125,  89, 134
    .byte   112,   0, 240, 150,  88, 129, 232, 255
    .byte    23, 202, 182,  91,  24, 161, 120, 128
    .byte   155,  32, 241,   8, 115,  36, 248, 236
    .byte   151,   0, 240, 130, 112,  91,  56,   4
    .byte   115,   0, 240, 151, 125, 133, 206, 182
    .byte    32, 144,   0, 240, 215, 120,  52, 125
    .byte     1,  23,  16,  91,  30, 213,  90,  43
    .byte   175, 226, 143, 242, 106, 255,  23, 203
    .byte    20, 238,  91,   8,  64,  97, 255,  23
    .byte   247,  77, 115,  23, 255,  23, 201, 234
    .byte   255,  23,  99, 183, 125,  67,  20,  89
    .byte   155,  17,  93,   7, 240,   2, 104,   8
    .byte   125,  11,  51,  91,  14,  35,  91,  28
    .byte   125,  31,  91,  28,  23, 248, 236,  15
    .byte    25,  91,  12,  55,  91,  12,  39,  91
    .byte    12,   4, 249, 236, 239, 130, 103, 155
    .byte    16, 111, 192, 155, 225,  37,  68, 144
    .byte   142,  86,  80, 155,  32, 175,  22,  88
    .byte     1, 240, 217, 208,   0, 240,  23,  91
    .byte     4, 215,  91,   4,  20,  88,  64, 125
    .byte    25, 155,  48, 183,  23, 216, 245,  71
    .byte    91,  20, 130, 216, 244,  91,  36, 186
    .byte   109, 134, 241, 232, 105, 125,  30,  84
    .byte    36, 144,  69,  84, 255,  23,  70,  84
    .byte     0, 240,   5, 115, 233, 143,  91,  30
    .byte    61, 108, 132,  17, 255,  23, 209, 166
    .byte     4,  84,  32, 125,  29, 136, 125, 159
    .byte     5, 115,  91,  28, 255,  23,  68,  92
    .byte    20, 125,  61, 233, 143,  68,  84,  41
    .byte   155,  32, 183, 135, 125,  13,  11, 115
    .byte   155,  17, 153,  21, 155, 129, 159,  91
    .byte    22,   0, 240,  89, 212,  91,  20,  91
    .byte    24, 155,  17, 239,  91,  86, 237,   7
    .byte   255,  23, 245,  91,   2, 244,  91,   2
    .byte    65, 123, 125,  83, 255,  23,   1,  91
    .byte     4,   0, 240,   0, 125,  35,  21, 114
    .byte     0, 240,  17,  88,   1, 232, 255,  23
    .byte   192, 182, 125,  51,  70,  91,  28,   7
    .byte   112, 155,  49, 175, 151, 208,  91, 254
    .byte     5, 120,   0, 240, 240, 212, 155,  17
    .byte    27,   0, 240,  23, 124,   1, 240,   0
    .byte   108, 155,  17,  77,   0, 240,  59,  91
    .byte     4, 121,  91,  76,  29, 119, 155,  17
    .byte   151, 255,  23, 135,  92,   8, 155,  32
    .byte   227,  16, 112, 255,  23,   6,  92,   0
    .byte   240,   2, 112, 155,  49, 223,   1, 115
    .byte     1, 152, 255,  23,  16, 155,  32, 101
    .byte     1, 125,  25, 154,  90, 209, 166,  91
    .byte    22,  65, 112,   8, 155,  32,  99, 155
    .byte    16, 127,  65, 112, 125,  87, 255,  23
    .byte     7,  91,   6,  49, 119,  12, 125,  13
    .byte     8,  40, 255,  23, 240, 155,  32, 101
    .byte    26,  96, 255,  23,  18,  72, 166,  28
    .byte     0, 104,   2, 125, 161,   3, 120, 255
    .byte    23,   4,  92, 129,  28, 155,  48, 141
    .byte    56, 155,  33,  13,  61, 125,  57, 195
    .byte    91,  76, 202, 150,   2, 248, 236,  79
    .byte   166,  52, 125,  65, 131, 120,   1, 240
    .byte    97, 208, 125, 127,   1, 240,  25, 119
    .byte     0, 240, 185, 108, 178,  16, 255,  23
    .byte   140, 240, 168, 104,  56, 125,  47, 175
    .byte   193,  12, 144,   0, 240, 129, 112, 140
    .byte   145, 255,  23, 200, 150, 125, 113, 131
    .byte    84, 169, 193, 125,  77, 132, 120, 144
    .byte   155,  32,  73, 178, 212,  41, 146, 135
    .byte    92, 155,  18,  65, 144, 144, 150, 196
    .byte     0, 240,  67, 125,  35,   3,  91,   8
    .byte   184, 212,  41, 154, 155,  32, 193,  91
    .byte     6, 155,  48,  65, 185,  49, 255,  23
    .byte   132, 125,  21,   0, 240, 209, 124,   1
    .byte   240,  52, 119, 155,  18, 145,  17,  79
    .byte   155,  83,  15,   5,  84,  91,  22,  91
    .byte   186,   6,  91,  42, 200, 125, 165, 204
    .byte   212,   0, 240,   3, 124, 155,  16, 127
    .byte   155,  16, 139, 130, 196,   8, 146,   2
    .byte   240,  12, 124, 204,  91,  46, 211, 212
    .byte     1, 125,  39,   0, 240,   4, 118,   2
    .byte   240,  17, 155, 225,  65, 172, 144, 142
    .byte    86,  88, 144, 133,  86, 100, 144, 112
    .byte   125,   8,  17, 125,  57,  15, 213, 238
    .byte   125,  62,   0, 240,   0, 125,  61,  19
    .byte    77,   0, 240,  37, 216, 246,  71, 128
    .byte   104,   8, 144,  24, 125,   1, 134,  84
    .byte   155,  49,  27,   1, 115, 192, 144, 144
    .byte   145, 132, 144,  64, 144, 155,  17,   9
    .byte   125,  11, 216, 247,  71, 255,  23, 247
    .byte    91,   6, 246,  91,  40,   6, 121, 255
    .byte    23,   7,  92,  49, 125,  21,  73, 234
    .byte    91,  24,  33, 216, 249, 125,   1, 249
    .byte    91,  14, 125,  77, 155, 177,  29,  18
    .byte   119,  29, 207, 255,  23,  29,  79, 255
    .byte    23, 139, 183,  91,   4,  91,  38, 193
    .byte   176,   0, 240,  39, 112,   9, 155,  34
    .byte   121,  37, 120, 224, 143, 125,   7, 125
    .byte    48, 209, 166,   7,  84, 144, 155,  32
    .byte   131,  31, 119,  25, 125,   5,  25, 125
    .byte    11, 130, 125,  11,  91,  54,  76, 104
    .byte   145,  41, 255,  23, 241, 155,  32, 235
    .byte    90,  96, 132, 252, 236,   7,  63, 240
    .byte    63, 104, 128, 193, 255,  23, 144,  20
    .byte   192, 144,   0, 240,  44, 119,  33, 125
    .byte     7, 155,  48,  99, 132, 213,  48,  71
    .byte    56, 167,  34,  48, 208, 166,  91,   6
    .byte   112, 125,   7, 151, 134, 241, 104, 104
    .byte     1, 248, 236,  63, 129,  91,   6,   0
    .byte   240, 125,   0, 108, 155,  16, 191,  41
    .byte    16, 125, 119, 135,  84, 125, 123, 131
    .byte   175, 155,  48,  67,  91,  22,   1, 240
    .byte     0, 119,   0, 240,   2, 121,   0, 104
    .byte   144, 145,   1, 240, 130, 124,  58, 152
    .byte   210, 166,   3, 200, 125, 109,  19, 120
    .byte   106, 178, 155,  16,  98, 125,  67, 136
    .byte   124, 155,  80,  93, 131, 155,  96,  93
    .byte   255,  23,  89,  91,  18, 207,  70,  92
    .byte    38, 125,  25,  91,  54,  91, 116,  34
    .byte    91, 138, 155,  17,  41, 192, 144, 155
    .byte    18,   2, 227,  47,   1, 240,  27, 125
    .byte   105, 115, 155,  50,  93,  59, 155,  32
    .byte   175, 255,  23,   6,  86,   1, 240,  33
    .byte   119, 155,  81, 205, 155,  17, 155, 155
    .byte   145, 213, 155, 241, 235, 125,  67,  12
    .byte   124, 155,  48, 113, 196, 213, 155, 208
    .byte   107, 155,  80,  95, 155, 112, 101, 128
    .byte   106,   1, 240, 128, 108,  53, 240, 200
    .byte   104, 155,  80,  27, 137, 155, 240,  33
    .byte   155, 128,  33,  41, 146, 158, 196, 155
    .byte    49, 189,   0, 240,  13, 155,  64,  37
    .byte   222, 155, 240,  37, 155, 224,  37,  91
    .byte   116, 235, 174,  91,  86, 155,  16,  98
    .byte   133,  94,   2, 155,  17, 171, 104, 134
    .byte    92,  18, 155,  33, 205,  75, 120,  76
    .byte   104, 125,  28,  40, 155, 112, 227,  29
    .byte    79,  20,  72, 125,  77, 135, 155,  96
    .byte    23,   1, 144, 155,  64,   7, 116,  91
    .byte    56, 208, 166,   1, 240,  47, 119, 255
    .byte    23, 154, 127, 133, 253, 236, 247, 174
    .byte    91,   2, 135, 254, 236, 247, 255,  23
    .byte   152,  86,  84, 144, 131,  84,  96, 144
    .byte   196, 101,  17, 101, 114, 106,   0, 240
    .byte    12, 155,  98, 131, 137, 155, 160, 137
    .byte    75, 127, 204, 144, 156, 145,   0, 240
    .byte   115, 211, 125,  46,  84, 220, 144, 200
    .byte     8, 224, 144, 180,  91,   8,  89, 214
    .byte   155,  49, 109,  14, 220, 155,  18, 205
    .byte   155,  18, 137, 155, 210, 135, 255,  23
    .byte   200,   8,   0, 240, 135, 214,   0, 240
    .byte    11, 124,  91,  54,  78, 214, 128, 144
    .byte   255,  23,  32, 146, 255,  23, 184,  55
    .byte   155,  16, 225,  16, 104, 130, 155,  32
    .byte   137,  12, 112,   1, 240,   2, 108, 128
    .byte    17, 255,  23,  48,  71,  68, 104,  20
    .byte   155,  33,  21,  88, 116, 155,  16, 238
    .byte   255,  23, 224,  47,   3, 240,   4, 115
    .byte     2, 240,  43, 115,   1, 240,  52, 115
    .byte     0, 240,  30, 119,   3, 240,  46,  91
    .byte     6,  34, 155,  64,  15,  13, 125,  15
    .byte    65, 108, 145, 125,  15,  52,  71, 134
    .byte   104,  41, 125, 143, 167, 116, 255,  23
    .byte   225,  47,   1, 240,  54, 125,   9,  33
    .byte    91,   2,  44,  91,  18, 119,   0, 240
    .byte    45,  91,   2,  46,  91,   2,  49, 125
    .byte    17, 112, 104, 150, 125, 145,  76, 112
    .byte     0, 240,  63, 155, 192,  47, 119, 155
    .byte    96,  47,   2, 240,  37, 125,  47,  12
    .byte   125,   9,  21, 155,  19,  33, 125,  47
    .byte    15,  91,   4, 126, 155, 160,  41,   1
    .byte   240, 131, 155,  64,  41,  26,  91,  14
    .byte   155,  19,  53,  16, 125,   9,   8, 119
    .byte     1, 240,   9,  91,   2,  10, 125,  41
    .byte    21, 115, 155,  49,  11, 213, 166, 133
    .byte   155, 129,  17, 155, 112,  51, 112, 125
    .byte    51,  49, 112,   1, 240,  83, 104, 145
    .byte    49,  91,  24,  70, 120, 125, 195,  64
    .byte   104, 155, 144,   9,   0, 240,  23, 125
    .byte     3,  23, 104, 128, 125,   3,   1, 240
    .byte    32, 124,  91,  60,   2, 104, 155, 145
    .byte   107,   1, 240,  48, 155,  64, 125,  27
    .byte   155, 224,  93,   1, 240, 109, 155,  96
    .byte    93,   1, 240,  47, 115,   1, 240,  22
    .byte   115,   0, 240,  31,  91,   4,  51, 119
    .byte     2, 240,  25,  91,   4, 155,  80,  15
    .byte    12, 155, 240,  15, 240, 124, 155, 128
    .byte    15,  32, 125,   7,   7, 155,  32, 101
    .byte     2, 240,   2, 125,  15,  10,  91,   8
    .byte    49, 104,   0, 240,  24,  91,  10, 155
    .byte   176,  13,   2, 240,  74, 155, 128,  13
    .byte    18, 125,   1,  57,  91,   2,   2, 125
    .byte    13,  16, 119,   1, 240,  60, 155,  64
    .byte   125, 210, 166, 155, 176,  83, 155,  80
    .byte   223,  35, 112, 125,  37, 155,  64, 105
    .byte   155,  16, 129,  17,  91,  38,   2, 240
    .byte    31, 155,  64, 111,   5, 155, 160, 111
    .byte   155,  81,  75, 193, 155, 161,  81,  77
    .byte   155,  33,  81, 224, 155,  34, 245, 194
    .byte   210, 155,  81,  83, 145, 100, 155,  17
    .byte    83,  10, 215, 192, 155,  35, 111,  15
    .byte   124,  17, 101, 155, 144,  45,  37, 125
    .byte    39,   3, 125, 167,  91,  54,   7, 104
    .byte     1, 240,  15, 115,   1, 240,  35,  91
    .byte    74,  32,  91,  10,  36,  91,   6,  64
    .byte   104,   3, 240,   2, 124, 155,  18,  59
    .byte    74, 104, 255,  23, 153, 249, 236,  63
    .byte     4,  16, 155,  18, 167, 255,  23, 164
    .byte   155,  37,  23,   3, 110, 155,  49, 109
    .byte    72, 215, 155,  19,  63,  91,  54,  15
    .byte   215, 146, 180, 125,  83,  69, 112, 125
    .byte    69,  52,  71, 137, 104,  25, 155,  33
    .byte    43,  75, 116, 155,  18, 245, 155,  19
    .byte   127, 209,  78, 255,  23, 209, 206, 255
    .byte    23,  72, 175,  91,   4,  91,  70,   3
    .byte   240,  28, 119, 155, 112,  49,  43, 155
    .byte    65,   1,   4, 155, 240, 113, 155, 225
    .byte   209,  79, 155,  65, 209, 131, 155,  96
    .byte   111, 224, 144,   4, 146, 155,  21, 211
    .byte     0, 240,  74, 215, 155, 240,  11,  91
    .byte    28,  81, 155,  64,  11, 118, 155, 128
    .byte    11, 176,  91,   8,  86, 155, 240,   9
    .byte   125, 137,  83, 155,  64,   9, 106, 155
    .byte   192,   9,  98, 215,   4, 240,  10, 119
    .byte     1, 240,  39, 155,  32,  77,   4, 240
    .byte    13, 155,  64, 205,   6, 155, 128,  77
    .byte     0, 106,   1, 240, 131, 110, 155,  80
    .byte   147, 145, 155,  64, 147,   2,  21, 155
    .byte    17,  11, 155,  16, 137, 151, 155, 128
    .byte   143,  94, 155,  96, 143, 146, 155, 224
    .byte   143,  16, 155,  98, 245, 225, 174, 155
    .byte   112, 123,   4, 240,  42, 119, 255,  23
    .byte   146, 127, 128, 102, 130,  86,  10, 252
    .byte   245,  23,  43, 252, 247,  23, 136, 254
    .byte   249, 125,  95,   3,   1, 240,   1, 104
    .byte     1, 240, 103, 104,   4, 248, 236,  31
    .byte     1, 240,  70, 108,   1,  56, 128, 100
    .byte    72,  24, 125, 109, 244,  47,   0, 240
    .byte    40, 104, 152, 167, 255,  23,   8,  91
    .byte    30,  56,  64, 100,   4,  91,  12, 128
    .byte   148, 240,  47, 194, 134, 139,   1,   6
    .byte   135, 255,  23,  20, 125,   4, 155,  22
    .byte   213,  10,  91,   6, 202, 134, 255,  23
    .byte   154,  91,   6,  26,  91,   2,  14,  91
    .byte     8, 206,  91,   8, 159,  91,   6,  31
    .byte    91,   2,  66,  91,   8,  70,  91,   2
    .byte   180,  91,   6, 177,  23, 155,  17, 118
    .byte    24,   6, 255,  23,  25,   6, 184, 254
    .byte   236, 159, 156, 145, 186,   6,   0, 240
    .byte    85, 127, 192, 106, 187,  91,  10, 122
    .byte     4, 124, 104, 219,   3, 209,  16, 125
    .byte   113,   4,   0,   1, 240,   0, 104, 192
    .byte    91,   6,  52, 104,  80,   0,  91,  20
    .byte    56, 104,  96,  91,  36, 255,  23,  32
    .byte     0,  48, 104, 179,   5,  91,  54,  48
    .byte     0, 255,  23, 193,   5, 255,  23, 210
    .byte     5, 202, 251, 236, 159, 255,  23, 192
    .byte     0,  10, 125,  29,  91,  10, 125,  17
    .byte     8, 125,  17, 216,  11, 213, 254, 155
    .byte    16,  95, 144, 104, 226, 125, 137,  24
    .byte    91,  12,  84, 104, 125,  99,   0, 240
    .byte    92, 127, 125,  60, 125,  17,  32,  91
    .byte     2, 139,   9, 255,  23, 201,   3, 201
    .byte   125, 147,  25,  12,   0, 240, 152,  88
    .byte     0, 240, 217,  88, 130, 119, 196, 155
    .byte    38, 158,   0, 240, 181, 208, 155,  21
    .byte   223,  91,  24,   0, 240, 167,  91,  70
    .byte    91,  28,  72,  96, 155,  23, 107,   0
    .byte   240,  23, 210, 155,  53, 239, 130, 127
    .byte     1, 240,  72, 104,  17, 125,  33, 124
    .byte   104,  52,   8,  91,  20, 180, 104,  20
    .byte     8,   2,  91,   4,  12, 144,  32,   8
    .byte     0, 240, 162, 213, 125, 195,  64, 125
    .byte   131, 120, 104, 180, 125, 131, 255,  23
    .byte    20,   8, 255,  23, 163,  12, 255,  23
    .byte   177,  91,   2,   1,   8, 140, 145, 155
    .byte    24, 124, 106, 214, 112, 104, 130, 127
    .byte   125, 193,  36,   8,   8, 144, 146, 125
    .byte    61,  23, 215, 255,  23, 194, 119, 155
    .byte    40, 119,   8,  16,   8,  66, 124,  64
    .byte   104,  16,   0, 192,  91,   8,  68, 119
    .byte     2,  85,  64,   8, 192,   8,   2, 124
    .byte   224, 143,   1,  84,   2,  11,  19,  11
    .byte   129, 100,   0, 240, 101, 209, 208, 166
    .byte    66,   5, 237,   7,   2,  93, 196, 125
    .byte     3,  82, 119,  69, 251, 236, 247, 110
    .byte    91,   2,  71, 252, 236, 247, 144,  86
    .byte   199,  84, 134,  84, 100, 144,  80,   8
    .byte     1,   8,   3,  84, 196, 125,  14,  70
    .byte    13, 212, 166,  49,  48,  69,  13,   9
    .byte    84,   6,  11,  23,  11, 201, 101, 236
    .byte   144,   0, 240,  26, 209,  91,  22, 233
    .byte   160, 221, 166,  43,  64, 252,  91,   8
    .byte    92, 209,   0, 176,   4,  84,   7,  92
    .byte     1, 240,  44, 120,   4,  92,   0, 176
    .byte     1, 240,  40, 112, 155,  22, 145,   0
    .byte    96, 227,  76,  91,  11, 152,   5,  84
    .byte     0, 105,   9,  92,   8,  85,   1, 240
    .byte   198, 109,   7, 240, 190, 106, 150,  11
    .byte   135,  11,   1, 234,  36, 183,   7, 240
    .byte    89, 104,   1,  16, 146,  23, 137, 233
    .byte   130, 183, 132, 145,  73, 100, 117, 240
    .byte   140, 104,   0, 240, 211, 208,   1, 234
    .byte    40, 183,   9,  94, 156, 240,  16, 104
    .byte   128,  17,   9,  84, 125,  65, 142, 183
    .byte    64, 104,  37, 175, 217,  70, 241, 160
    .byte   190,  60,  75,  64,  61, 145, 226, 117
    .byte   117, 240, 204, 106, 201, 100, 128, 106
    .byte   134,  92, 200,  93, 139, 250, 236, 143
    .byte   100,  13,  42, 168,   8, 155,  64,  23
    .byte     7,  11, 133,  92, 238,  48, 132, 120
    .byte     1, 232, 192, 182, 200, 145,   2, 115
    .byte   200, 145,   0, 175,  28, 144, 163, 240
    .byte    41, 125,  25, 125, 194, 150,  11, 125
    .byte   106, 172, 145,   0, 240, 156, 208,   9
    .byte    92, 125,  38, 106, 128,  20, 125, 230
    .byte   134, 183,  97, 175,  23,  11,  65, 232
    .byte   197, 182, 136,  92,  41, 144, 136,  84
    .byte    71,  92,  25, 200,   1, 240,  94, 116
    .byte     3,  92,  83,  92,  70, 120, 155,  16
    .byte   109, 137, 100,   0, 240, 195, 208, 208
    .byte   166,  70,   5,   9,  92,  69,   5, 237
    .byte     7,   4,  92, 144,  94,  71, 252, 236
    .byte   239, 110, 251, 236, 239,  69,  91,   2
    .byte   210, 155,  41,  43,  74, 119, 155,  88
    .byte   165,   7, 250, 236, 247, 136,  86,  76
    .byte   144,  88, 144, 100, 144, 128,   8, 145
    .byte     8, 128,   9,   2, 124,   1,  14,   1
    .byte    84,   2,  14, 155,  16, 158, 194,  11
    .byte   211,  11, 193, 155,  32, 156, 111, 208
    .byte    91,  22, 233, 160, 155,  16, 154, 179
    .byte   208,  96, 144, 128, 106,  12, 121, 193
    .byte   101, 138, 113, 211,  11, 194,  11, 102
    .byte   141,  91,  27, 168,  91,  11,  41, 146
    .byte   200, 203,  11, 116,  11,  93,  12,  92
    .byte     6, 120, 125,  73, 155,  16, 218, 124
    .byte   208,  84, 167, 146,   6,  96,   1, 200
    .byte   176,  65,  92,  17,   6, 237,   7, 136
    .byte    94, 125,  43, 239, 155,  88, 189, 202
    .byte   155,  73, 115,  17,   8,  80, 120,  64
    .byte   104,  17,   0, 156, 240, 144, 104, 160
    .byte     4, 145,   4, 212, 166, 146,   4,  82
    .byte    10, 155,  16, 102,  83,  91,  35, 213
    .byte   166, 155,  33,  12, 125,   7,  66, 119
    .byte    81,   2,  98,   2, 115,   2, 128, 104
    .byte    32,  91,   7,  31, 220, 177,   0,  20
    .byte     8,  36,   8, 130, 112,  21,   8,   4
    .byte     0, 128, 148,   0, 240,  82, 211, 194
    .byte   155,  64,  27, 221, 166, 220,  22,  17
    .byte   232, 192, 182, 155,  48, 232, 131,  76
    .byte    52,   8,  62,  16, 220,  22,   9,  91
    .byte     9, 190, 148,  60, 200, 197, 120,   1
    .byte   240, 197, 108,  46,  24,   8,  16,   4
    .byte   155,  33,  57,  70, 155,  96, 123,  72
    .byte   144, 100, 144,  80, 144, 209, 155,  65
    .byte     4, 131,  76, 208,   8,   7, 240, 153
    .byte   104,  22,  16, 212, 125, 143,  87, 240
    .byte   185, 104, 155,  17, 163,   0, 240,  51
    .byte   212, 192, 105, 206, 175,  78, 240,   8
    .byte   104,   0, 240,  11, 210, 205, 175, 224
    .byte   143, 192,   0, 155,  80,  93, 198, 125
    .byte   179, 155,  17,  99,  68, 144,  64, 104
    .byte   132, 175, 155,  39, 202,  96, 151,  76
    .byte    56, 125,  23, 217, 106, 191,  20, 221
    .byte    22,  73, 232, 197, 182, 156, 240, 208
    .byte   104,  24, 144,  44, 125,  23,  89, 212
    .byte     1, 233, 128, 183,  87, 240,  57, 125
    .byte    23, 229, 209, 155,  33, 112, 155, 240
    .byte   197,  86,  92, 125,  62,  64, 144, 194
    .byte    22,  18, 173, 125, 255,   3,  77, 196
    .byte     8,   1, 240, 134, 110, 117, 240, 204
    .byte   105, 148, 145, 213,  70, 134, 175,  21
    .byte   170, 155,  49,  77,  48,  23,   9, 234
    .byte    32, 183, 192, 144, 212, 144, 155,  16
    .byte   208, 136, 212, 212,   8, 155,  17,  74
    .byte     4,  16, 196,   0,  91,  29,  40, 183
    .byte   128, 104, 136, 175,  41, 146, 155,   0
    .byte   118, 129, 233, 130, 183, 155,  17,  47
    .byte     4, 155,  64,  10, 155,  17, 100, 125
    .byte    76,   0, 240, 162, 212, 130, 183, 125
    .byte    76, 144, 155,  16, 110,   0,  52,  91
    .byte    15,  36, 183, 155,  16,  86, 209,  70
    .byte   155, 224, 210, 155,  17, 223, 115, 155
    .byte    23, 165,  16,  88,   8, 232,   0, 240
    .byte    70, 104, 212, 254, 236,  15,   0, 115
    .byte   155,  90,  97,  91,  94,   0, 232,  91
    .byte   218,  17, 155, 240,   9,  91, 142, 155
    .byte   240,   9,  18, 155, 240,   9,  91, 142
    .byte   155, 240,   9,  19, 155, 240,   9,  91
    .byte   142, 155, 240,   9,  20, 155, 240,   9
    .byte    91, 142, 155, 240,   9,  21, 155, 240
    .byte     9,  91, 142, 155, 240,   9,  22, 155
    .byte   240,   9,  91, 142, 155, 240,   9,  23
    .byte   155, 240,   9,  91, 142, 155, 240,   9
    .byte    24, 155, 240,   9,  91, 142, 155, 240
    .byte     9,  25, 155, 240,   9,  91, 142, 125
    .byte   201,  66, 119, 194, 134,   2, 116, 124
    .byte   240,   2, 104,   0, 240, 247, 110,  92
    .byte    23, 209,  78, 209, 206, 125,   4,  88
    .byte    65, 232, 201, 182, 237,   7, 202, 106
    .byte   171,  20,  73, 232, 217,  22,   9, 216
    .byte   241,  71,   6, 216, 240,  71,  65, 123
    .byte   240,   7, 255,  23, 241,   7, 236,   7
    .byte   209, 206,   2, 104,  65, 125,  11,  64
    .byte   127,  21, 152, 173,  73, 216,  22, 208
    .byte    14, 209,  78,  70, 116,   5,  91,   9
    .byte   117, 208,   0, 240,  65, 127,   0, 104
    .byte    96, 104,   2, 105, 172,   9, 184, 172
    .byte    56,  71,  88,  48,  71, 121, 168, 164
    .byte   104,  66, 188, 164, 124,  66, 222,  22
    .byte   124, 148,   3, 115, 160,  91,   7, 226
    .byte    23,   1, 144,  33,  48, 146, 124,   0
    .byte   240,  54, 108,   1, 240,  10, 212,   0
    .byte   104, 155,  51,  21,  36, 144,  16, 144
    .byte    13, 125,  21, 123, 217, 251,  39, 155
    .byte    17, 249,   0, 104,  16, 144,   0, 240
    .byte   124, 209,   0, 240, 132, 209,   2, 240
    .byte   153, 215,   0, 240, 134,  91,   6, 155
    .byte    35,  33, 144, 155,  27, 213, 111,  91
    .byte     7, 119,  91,  13, 166, 215, 155,  23
    .byte   153, 128,  91,   7, 195, 110, 255,  23
    .byte   125,  79,  64, 119, 201, 134, 155,  17
    .byte   189, 238,  23, 167, 252, 236,   7, 155
    .byte    96, 113, 240, 128,  91,   9, 171,  76
    .byte   226,  23, 155,  17, 253,  64, 119,  33
    .byte   152, 213, 166,  57, 144, 185, 136,  44
    .byte   144, 196, 118,  12,  24,  91,  26, 196
    .byte   155,  96,  17,  49, 200,   0, 240, 201
    .byte   124,  50,  16,  51,  91,   4, 205, 124
    .byte   135, 120, 192, 104, 183, 136, 179, 248
    .byte   236, 143,  61, 144, 190,  48, 198, 126
    .byte   125, 209, 225, 143, 155,  17, 200, 128
    .byte    96, 171,  76,  48, 248, 236, 151, 198
    .byte   120,   1, 240, 201, 108,  55,  16, 222
    .byte    22, 137, 232, 206, 182,   4,  16, 210
    .byte    91,   4, 194, 182, 155,  80,  47,  11
    .byte   232, 155,  51, 127,   1,  84,  66,  84
    .byte   200, 182, 133, 120,   0, 240, 150, 208
    .byte     1,  92,  66,  92,   7, 119, 155,  19
    .byte   121,  64, 119, 158, 119, 193,  87,  26
    .byte    85, 157,  84, 222,  84, 133, 100,   0
    .byte   105,   8, 240, 200, 104, 120, 250, 236
    .byte   135,   2,  84,   6,  84,   1, 240,   9
    .byte   108,   4,  84,   7,  84, 142, 104,   2
    .byte   100,  34,  16,  61, 167,  91,  28, 157
    .byte   100, 153,  84,   0, 240,  39, 209,  66
    .byte    92, 132, 250, 236, 143,  26,  93, 193
    .byte    95, 158, 103, 155, 112,  33, 237,   7
    .byte    64, 240, 162,  96, 125, 120, 238,  23
    .byte   187, 252, 236,   7, 155,  16,  67, 187
    .byte    76, 193, 232, 207, 182,  64, 240, 154
    .byte    96,  91,  25,  18, 216, 240,  71, 240
    .byte     7,  74, 120,  52, 144,  13,   8, 195
    .byte    84,  60,   8, 227,  39, 195,  92,  62
    .byte     8, 199, 116, 125, 122,   0, 240, 185
    .byte   125, 190,  36, 125, 126, 155,  48, 141
    .byte     8,  17,   8,  65, 120, 241,  39, 155
    .byte    48,  87, 125,  35,  85,  66,  85, 237
    .byte     7,   7, 135,  68,   8, 128, 100,   1
    .byte   240, 242, 218, 157,   7,  95, 255, 236
    .byte     7,   3, 248, 236, 183, 211,  91,   2
    .byte    69,   8,   1, 145, 193, 106, 243,  61
    .byte   131,  21,   2, 161, 104,  26, 203, 254
    .byte   236,   7, 148, 148,  68,   8,  21, 117
    .byte   245,  31, 181,   8, 235,  39, 245,  23
    .byte   229,  23, 155,  28,  92, 155,  80,  31
    .byte   155,  80, 129,  33,   8,  38,   0,  17
    .byte   155,  34, 201,  64, 119, 217, 166,  38
    .byte   192, 133, 112,  33,   8,  42,   8,  21
    .byte   152,  67, 116,  33, 155,  67,   1, 155
    .byte    48, 237, 128, 183,   4,  72,  25, 152
    .byte   136, 104,  41, 200, 146, 112, 225,  47
    .byte     8, 115,  21, 115,  14, 115,  27, 115
    .byte    32, 115,  36, 115,  41, 115,  46, 115
    .byte    51, 115, 132, 183, 136, 183,  17,  16
    .byte   192, 144,   1, 240, 188, 210,  17,  79
    .byte     4,  91,   8,   1,  72, 128, 175,  17
    .byte    79, 155,  18, 174,  91,  94,   0, 240
    .byte    34, 208,  17,  79,  10,  91,   8,   1
    .byte   128,  49,  71,  91,  31,  16,  91,  22
    .byte   136,  91,  21,  21, 125, 132,  33, 248
    .byte   236,   7,  17,  79,  27,  91,  86, 135
    .byte    17,  79,  33,  91,  86, 143,  17,  79
    .byte    39, 119, 125,  70,  42, 119,   0, 240
    .byte   197, 155,  97,   9, 129, 135,  64, 240
    .byte    42,  80, 155,  48,  81, 155,  20, 118
    .byte   155,  80,  87,  64, 240, 106,  88, 197
    .byte   182,  16,   8,  37, 144,  32,   0,  64
    .byte   240, 170,  88, 202, 174,  33,   8,  41
    .byte    48, 131, 124, 155,  80, 109,  17,   8
    .byte    21, 144, 125,  71, 236, 155,  39, 209
    .byte    64, 119, 208, 166, 125, 205, 155,  83
    .byte   123,   0, 240,   8, 212, 155,  83, 109
    .byte    91, 250,  64, 119,   7, 104,   0, 240
    .byte    29, 212, 155,  29,  38,  91,  56,  16
    .byte   144,   0,  91,   9,  38,  91,  57, 125
    .byte     7, 192, 106, 193,  86,   1, 240,  54
    .byte   155,  99, 143, 138, 120,  52,  71, 192
    .byte   104, 179, 136,  61,  50, 198, 114,  41
    .byte   152,   1, 144, 134, 116,  12, 144,   1
    .byte   115,   0, 104, 125, 223, 122, 119,  50
    .byte    85, 115,  85, 180,  85, 245,  85,  54
    .byte    86, 119,  86, 184,  86,  72, 144, 116
    .byte   144,  96, 144, 143,  85,  12, 104, 200
    .byte   136,   2, 240,  64, 104,   1,  56,  12
    .byte   120,   8,  11,  10, 112,   1, 240,  64
    .byte   105, 155,  27, 183, 180, 210, 200,   0
    .byte     8,   3,  21, 240,   5, 120,  89,   3
    .byte     8,  85, 158, 102, 174,  86,  64, 106
    .byte   112,  86, 111,  86,  39, 104,  84, 100
    .byte     4,  16,   7,  84, 165, 104,   4, 146
    .byte   132, 145,   3, 115, 111,  86, 165, 104
    .byte    16,  92,  16,  84, 216, 145,   2, 115
    .byte   124, 146, 200,  84, 196, 145,   1, 115
    .byte     1, 145,  12, 139,   2, 120,  18,  48
    .byte    69, 124,  22, 121,  52,   1,   5,   1
    .byte    48,  92,  64,  18,  48,  84,  47,  92
    .byte    17, 144, 111,  84, 215, 166,   1, 192
    .byte     8, 112, 200, 144, 110, 100, 155,  27
    .byte   243, 216, 145,   3, 120,  20, 240,   8
    .byte   115, 148, 149, 192,  21,  12, 139,  19
    .byte   240,  57, 120,  49, 100,  17, 253, 236
    .byte   143,  12,  19, 113, 144,  78,  86,  82
    .byte    86,  81,  86,  88, 167,   3, 115,  18
    .byte    92,   1,  64,  18,  84, 237, 144,  93
    .byte   141,   1, 115,  64, 106, 120, 144,   1
    .byte   240,  79, 127, 145, 167,  33, 192,   5
    .byte   240, 185, 120, 164, 252, 236, 167,   1
    .byte   240,  26, 104,  50, 200,   5, 240, 244
    .byte   112,  73, 160, 180, 145,   1, 240, 184
    .byte   104, 228,  47,   3, 240,  50, 115,   5
    .byte   240,  43,  91,   2,  41, 115,   3, 240
    .byte    51,  91,   4,  37,  91,   2,  35,  91
    .byte     2, 155,  24,  70,  39, 119,   5, 240
    .byte    29,  91,   6,  27,  91,  14,  40,  91
    .byte     2,  53,  91,   6,  21,  91,   4,  47
    .byte   115,   2, 240,  24,  91,   6,  15, 125
    .byte   139, 155,  24, 120,   2, 125,  17,   2
    .byte   240,  39,  91,   2, 155,  24,  66,  35
    .byte    91,   2,  33,  91,   2,  31,  91,   2
    .byte    29,  91,   2,  27, 115,   4, 240,  57
    .byte    91,   2,  55,  91,   2,  53,  91,   2
    .byte    51,  91,   2,  49,  91,   2,  47,  91
    .byte     2,  45,  91,   2,  43,  91,   2,  41
    .byte   115,  10, 125,  55,  11, 240,  26,  91
    .byte     6,  35,  91,   2,  33,  91,   2,  31
    .byte    91,   2,  29,  91,   2, 125,  81,  25
    .byte    91,   2,  23,  91,   2,  21,  91,   2
    .byte    19,  91,   2,  17, 125,   7, 125,  65
    .byte    13,  91,   2,  11,  91,   2,   9, 125
    .byte    17,  34,  91,   4,   5,  91,  12,  38
    .byte    91,   4,   1, 125,  63,  63,  91,   6
    .byte    51,  91,   4,  59,  91,   2,  57,  91
    .byte     2,  55, 155,  32,  83, 155,  16,  75
    .byte     3, 125,  49, 155,  16,  85,   3, 125
    .byte    49,   3, 125,  49,   3, 125,  49,   9
    .byte   125,  49,  10, 240,  30,  91,   6,  35
    .byte    91,   2,  33,  91,   2, 155,  16,  81
    .byte     6,  91,  10,  20,  91,   4,  20,  91
    .byte     8,  23,  91,   4,   9,  91,   4,  19
    .byte    91,   4,  25,  91,  12,  35, 125,  33
    .byte    91,  22,   6,  91,  10,   9, 125,  17
    .byte    34,  91,   4,   1, 119,  10, 240,  42
    .byte    91,  20,  91,  12,  63, 125,   3,  55
    .byte    91,   4, 125, 113,  13, 119, 237, 144
    .byte   192, 104, 223, 136, 234, 106,  55,  53
    .byte   236, 114, 128, 145,   1, 240, 195, 110
    .byte   231,  20,  10, 105, 136, 203, 172, 144
    .byte    27, 122, 136, 144, 216, 251, 236,  63
    .byte   230,  18, 238, 144, 147, 137, 231,  20
    .byte   152, 203, 240, 145,  74, 118,  17, 115
    .byte   202, 106, 175, 252, 236,  63,  22,  16
    .byte     1, 240,   3, 109, 116,  18, 155,  16
    .byte   222, 132,  18, 243, 205, 120, 144, 205
    .byte   118, 209,  84,   3, 240,  50, 119, 172
    .byte   144, 184, 249, 236, 151, 128, 144,   3
    .byte   240, 249, 124,  88, 167,   3, 240,  60
    .byte   119,   8,  92, 160,   8, 152,  91,  10
    .byte    65, 120,  88, 167,   8,  92,  64, 146
    .byte     8,  84, 120, 144,   4, 240,  11, 119
    .byte    78,  92,  52,  71,   4, 240,  79, 116
    .byte    64, 104, 160, 104,  20, 115, 213, 166
    .byte     4, 240,  24, 125,   7,  80, 146,   0
    .byte     8,  17,  84,  32, 248, 236, 151,  72
    .byte    84,   4, 240, 158, 124,  17,  92, 192
    .byte   150,  17,  84,  91,   6, 104,  37, 115
    .byte    64, 104, 171, 104, 142,  84,  49, 100
    .byte   155,  17, 234,   4, 240,  44, 119,   2
    .byte   240,   0, 104,  26,  91,  11, 221, 136
    .byte     1, 240, 168, 104,  22,  48,  79, 120
    .byte    61, 145,   8, 240,  64, 104,   4, 240
    .byte    61, 119,  91,  59, 172,  91,  11,  72
    .byte    91,  11,  96, 104,   5, 240,   7, 119
    .byte   155,  22, 157,   5, 125,  46,  16, 104
    .byte    82,  92,  20,  64,  82,  84,   5, 240
    .byte    14, 119,  32,  91,   6,   4,  56,  11
    .byte   120, 128, 249, 236, 151, 200,  92,  28
    .byte     8, 132, 248, 240,  23, 143,  93, 158
    .byte   102, 165, 104,   6, 240,  12, 125,   6
    .byte     4,  56,  91,  38, 120, 200,  92,  12
    .byte     8, 128,   0, 143,  93,   6, 240,  23
    .byte   125,  21,   0,  91,  12, 143,  93,   7
    .byte    91,  43,  64, 104, 129, 248, 236, 135
    .byte     6, 240,  35, 119,   8,  91,  44,  91
    .byte   139, 143,   6, 240,  46, 119, 125, 206
    .byte     6, 240,  51, 119,  13, 240, 102, 120
    .byte    12,  86,  20, 100, 145, 252, 236, 143
    .byte   177, 100,  25, 253, 236, 143,  96, 144
    .byte    36, 146, 209, 166,  83, 167,  18,  93
    .byte   138,  86, 137,  85, 146, 196, 184, 145
    .byte    65, 112,  48, 144,  13,  84, 153, 140
    .byte    20, 176,  20, 176,  23,  16,   2, 104
    .byte    80,  57, 133, 169, 125, 121, 208, 104
    .byte     1, 120,  22, 144,  78,  84,   2, 240
    .byte     4, 104, 192,  56,  11,  84,   1, 240
    .byte     6, 112,  18,  85, 200, 145,  17,  92
    .byte    78,  92, 161,  24, 209, 166, 136, 193
    .byte    59, 112,   0, 240, 101, 127, 116,   1
    .byte     4, 147,  81, 104, 153, 193,  93, 112
    .byte    48,   0,  48,  92,  64, 250, 236, 159
    .byte   155,  81, 209, 128, 196,  10, 155,  33
    .byte   208,  92, 144,   0, 240,  70, 211, 244
    .byte   144,  16, 145,   3, 120,  12, 240,  41
    .byte   115, 148, 149, 104, 252, 236, 167, 155
    .byte    80,  15, 158, 196,  93, 116, 160, 125
    .byte    14, 130,  20, 155, 112,  13,  13, 155
    .byte    96,  13,  42, 125,  13,  96, 145, 216
    .byte   145, 177, 100,  18,  93,   6, 125,  16
    .byte    10, 125,  16,  96,  91,  39,   0, 104
    .byte     8, 136,  22, 120, 228,   0, 209, 166
    .byte   197, 125,  16,   1, 144, 155, 240,  44
    .byte     0, 240,  11, 125,  16, 155,  18,  13
    .byte    11, 240,  46, 125,  13,  88, 122,  19
    .byte   100, 196,   0,   2, 104, 125,  73,   2
    .byte   155, 128,   9,  11, 155,  96,   9, 243
    .byte   210, 125,  73,  64, 106,   4, 125,  10
    .byte    21, 125,  10,  64, 106,  18,  85, 155
    .byte    16, 235,  75,  92,   4,  48,  62, 120
    .byte   155,  16, 110,  65,  24, 209, 166, 192
    .byte   192,  56, 112,   0, 240, 105, 155,  64
    .byte   110, 209, 192, 155, 240, 110, 155, 144
    .byte    51, 201, 125, 155,   3, 120,  10, 240
    .byte    44, 125,  90, 251, 155,  16, 110, 125
    .byte   207,  92, 194,  93, 116,  64, 125,  78
    .byte   155,  98, 106, 155,  80,  13,  76, 125
    .byte    13, 173, 210, 240, 155,  64,  13,  16
    .byte   125,  13,  13,  92,  74,  92,  68, 155
    .byte   240,  47, 155, 240,  47, 155, 160,  47
    .byte   139, 155,  64,  47,   9, 155,  32, 113
    .byte   155, 240,  47, 155, 240,  47, 125, 239
    .byte   111, 155,  64,  47,   9, 240,  18, 125
    .byte    13,  76, 144,   9,  92, 196,   0,  77
    .byte    92, 213, 155,  16, 165,  16, 155, 208
    .byte     9,   0, 240,  88, 210, 152, 145,  12
    .byte    94, 240, 144,   5, 120,   8, 240,  56
    .byte   115,  84, 149,  91,  22,   4, 104, 146
    .byte    92,   8,  56,  59, 120,  17,  92, 142
    .byte    92,  66, 155,  32,  77,  53, 155,  33
    .byte     8, 180,   0,  68, 146, 145, 104, 226
    .byte   192, 158, 155, 160,  77,  33, 144, 175
    .byte    84, 219, 166,   2, 192, 155, 112,  78
    .byte    46, 210, 244, 144, 152, 125,  50,   8
    .byte   240,  15, 115, 148, 148, 155,  48,  78
    .byte   125, 208, 108, 194, 158, 155, 192,  78
    .byte   155,  19,   5,   6, 155,  64,  55,  18
    .byte   210,   7, 240,  54, 112,  81, 125,  44
    .byte     9, 192,   1, 112,  24, 144,   4,  21
    .byte    48,  92,  12, 240,  62, 124,  91,  63
    .byte     3, 210,  13, 240,   4, 124,   7, 240
    .byte    37, 115,  12,  86, 148, 101,  72,  92
    .byte   116, 146,  20,   8, 128, 106,  90, 253
    .byte   155,  17, 128,  42,  91,   3, 213, 166
    .byte     4, 144, 200,  84,   6, 240,  17, 119
    .byte    64, 104,  49, 100,  17, 248, 236, 143
    .byte     8,  92, 128, 146,  96,   8, 136, 249
    .byte   236, 151,   1, 240,  58, 112,  64, 104
    .byte   200, 144, 168, 145,   0, 240, 163, 215
    .byte     2, 240,  22, 120,  12,  86,  66,  26
    .byte   152, 193,   2, 240,  82, 112, 160, 144
    .byte     2, 240,  15, 115, 155,  81, 228,  32
    .byte   104, 210,  94, 140,  57,   8, 125,   1
    .byte     8,  92,  97,   8, 128,   8, 144, 148
    .byte   208,  92,   2, 240,  58, 125,   1, 140
    .byte    57,   2, 240,   3,  91,  44,  80, 146
    .byte   128,   8,  91,  27,  45, 155, 128,  12
    .byte    18,  93, 192,  56,   1, 240,  16, 155
    .byte    96,  13, 128, 148,   8,  84,   0, 104
    .byte   208,  92,   3, 240,  37, 155, 224,   4
    .byte     6, 155, 160,   4, 209, 166, 125,  68
    .byte    18, 115,   1, 240,  74, 127,   1, 240
    .byte   152, 104, 125, 196,  61, 155, 160,   3
    .byte     2, 240,  47, 115, 155,  80,  46, 128
    .byte   105,   2, 104,  48, 144,  18,  93,   3
    .byte    65,  48, 104, 147, 100,  74, 250, 236
    .byte   143, 209, 166,   8,  64, 155,  19, 120
    .byte    98,  91,   6, 155,  19, 139,  12, 144
    .byte   188, 145,  72, 125,  11,  40, 125,  11
    .byte   200, 144, 164, 144,   1, 240, 151, 213
    .byte     8,  85, 177, 100,   8, 240,  31, 119
    .byte    16, 104, 192,  56, 208,  92,  42, 125
    .byte    32,  72,  92, 132,   8,   1, 240,  38
    .byte   115,  91,  57,  43,  91, 105,  42,  91
    .byte    41,  45,  91, 104, 125, 110, 136, 145
    .byte   125,  81, 155,  18,  46, 128, 106,   9
    .byte   240,   0, 119,  12,  86, 155,  18,  92
    .byte   140,  57, 208,  92,  35, 120, 136,  92
    .byte    88, 146,   0, 104, 136, 128,  38, 125
    .byte     5, 155,  41, 165,  56,  52, 120,   0
    .byte   104, 125,  15, 128, 177,  71,  55,  91
    .byte   106,  55,  91, 106,  58,  91, 106,  58
    .byte    91, 106,  61, 115, 155,  18, 120, 140
    .byte    57, 125,  87, 136,   8,   1, 120, 176
    .byte    55, 224, 249, 236, 151, 204, 145, 209
    .byte   166, 232, 248, 236, 151, 138, 120, 128
    .byte   104,   8, 253, 206,  14, 170, 250, 207
    .byte    14, 237, 104, 241, 102, 190, 249, 236
    .byte   143, 208,  92,  72,  84,  60, 125, 140
    .byte   192,  56, 155,  32,  69, 120, 176,  71
    .byte    72,  92,  84, 146,  72,  84, 128, 105
    .byte   200, 144,  43,  91, 253,  91,  45, 209
    .byte   166,  30,  91, 253,  91,  45, 192, 144
    .byte   209,  70,  14, 120, 194,  67,  12, 125
    .byte    59, 112, 104, 211, 100,  28, 248, 155
    .byte    17,  26,  29,  64,  36,  91,   4,   2
    .byte   104,   0,  65,   1, 115,   2, 104, 188
    .byte   145,  64, 104, 177, 100,  25,  91,   9
    .byte   155,  19,  66,  67, 112,   0, 240, 124
    .byte   108,   1,  57, 210,  67,  48,  71,  84
    .byte   112, 147, 114,  94, 100, 180, 144, 208
    .byte   155,  18, 170, 112, 125,  87,  91,  23
    .byte     1, 240,  62, 125, 152, 135,  92,  24
    .byte   125,  11, 184,  91,   8,  54, 115,  21
    .byte   120,  18, 176, 115, 120,  30, 100, 208
    .byte    84, 208, 171, 240,  70, 144,  92, 168
    .byte   140, 177, 152, 220, 166,  35, 125,   1
    .byte    28, 104, 200,  32, 132,  64, 104, 171
    .byte   210,  67, 140, 145,  79, 116, 155,  27
    .byte   252,  18,  85, 208,  84,   7,  92,  51
    .byte   170,  83,  71, 112, 104, 177,  65, 128
    .byte   104,  50, 125,   4,  29, 105,  72,  35
    .byte    76,  68,  43, 169,   1, 152, 114,  68
    .byte   206, 118,  18,  93, 112, 145,  93,  71
    .byte    97, 144, 221, 122,  61, 248, 236,  15
    .byte   120, 145,   1, 240, 197, 120,  18, 125
    .byte     4, 176, 125,  39,   0, 115,   1, 176
    .byte     6, 120, 146, 113, 125,  84,   9, 104
    .byte   128, 204,  17, 115, 208,  84,   1, 240
    .byte    84, 127, 236, 145, 200,  91,  15, 160
    .byte   214, 155,  16, 217,  12, 240,  38, 119
    .byte   120, 145,  43, 125, 166, 200, 176,   0
    .byte   176,  30, 101,  28, 120, 138, 104, 192
    .byte   104, 128, 145, 216, 144,   0, 240, 242
    .byte   208, 112, 104,   1,  64, 212, 166, 193
    .byte   125,  26,  91,  25,  91,  29,   1, 240
    .byte    75, 213, 132, 113,   1, 240, 163, 104
    .byte   168, 204,   2, 115, 232, 176,  40, 176
    .byte     1, 153, 128, 144, 100, 144, 156, 116
    .byte   155,  16, 102, 129, 249, 212,   6, 113
    .byte   153, 125, 202,  18,  93,  30, 100, 131
    .byte    28, 125, 100, 236, 145,  13, 240,  26
    .byte   119,  48,  92, 143,  93,   5, 120, 110
    .byte   100, 200, 125,  30,  29, 208, 155,  31
    .byte   183,  47,  84,  12, 104,   2, 115,  12
    .byte   104,  12,  94, 200, 136, 155,  19, 168
    .byte     1,  56,  66, 170,   6, 120, 155,  30
    .byte    58, 195, 208,  76, 104,  16,   0,  80
    .byte   167, 128, 145, 184,  94,  54,  94, 119
    .byte    94, 180,  93, 245,  93,  50,  93, 115
    .byte    93, 250, 155,  37,  99,  76, 119,   6
    .byte   249, 236, 247,  47,  91,   2,  68, 252
    .byte   236, 247, 138,  86, 132, 144,   2,  86
    .byte    80, 144, 130,   9,   1, 240,  46, 120
    .byte   128,   9,   1,  84,  64, 106,  36, 146
    .byte   228, 145,   5, 115,   1,  92,  96,   8
    .byte   161,   8, 128, 148,   1,  84, 134, 126
    .byte   198,   8, 152, 201,   1, 240,  68, 112
    .byte   119, 249, 236, 159,  29, 134,  18, 240
    .byte   128, 104,  38,  56, 189, 120,  53,  71
    .byte   228,   8,   4,  11, 120,  24,  37,  11
    .byte    42, 248, 236,  47, 157, 167,  59,  40
    .byte    43,  16,  41, 248, 236, 151, 251,  19
    .byte   141, 144, 184, 204, 193, 112, 136, 144
    .byte    16, 125,   6,  22,  56,  88, 120, 195
    .byte    86, 196, 145, 128, 145,   0, 240,  28
    .byte   209, 144, 144,   1, 240,  71, 122,  20
    .byte    11, 132, 145, 236,  91,   5,  58, 215
    .byte   131,  92,  72, 130, 237, 243, 127, 104
    .byte     1,  56, 155,  37, 161,  64,  72, 250
    .byte   236, 135,   7, 115, 125,  73, 144, 125
    .byte     9,  20, 125,   9, 109, 122, 148,   3
    .byte   199,  19, 196,   0, 133,   3, 195,  27
    .byte   198,   0, 136, 145,   2,  94,  80, 145
    .byte   152, 201, 248, 145,  65, 112, 112, 144
    .byte   196,   8, 216, 144, 125,  85,  90, 215
    .byte   198,   8,  67,  26, 198,   0, 196,   8
    .byte    67,  18, 196,   0, 170,  21, 130,   9
    .byte   146,  28, 146,   1, 130,  52,  36, 146
    .byte   155,  29,  63,   0, 104, 130,   1, 155
    .byte    21, 227, 129,   1, 138,  94,  68, 252
    .byte   236, 239,  47, 249, 236, 239,   6,  91
    .byte     2, 204, 119,   4,  11,   0, 240, 110
    .byte   208,   0, 240,  42, 155,  32, 138, 194
    .byte    92, 195,  94,   0, 104, 156, 129,   1
    .byte   155,  16,  76,  64, 156, 249, 236, 135
    .byte    14,   0,  13,   0, 208, 166,  28, 155
    .byte    70,  15,  64, 144,  52, 125,  39, 176
    .byte   215, 192, 144, 227,  39,   1, 240, 170
    .byte   215, 238, 155,  38,  43,  68, 119, 194
    .byte   102, 193,  86,   0, 240,   4, 209,   5
    .byte   248, 236, 239, 155,  54, 221, 198, 155
    .byte   102, 125, 238,  23,  64, 240,  43,  96
    .byte   131, 252, 236,  31, 155,  54,  93, 132
    .byte   119,   4, 249, 236, 247, 130,  85,  46
    .byte   120,  64, 154,  64, 240, 115,  88, 192
    .byte   104,  80, 120, 176,   8, 204,  17,  64
    .byte   240, 179,  96,  84,   8,  37,  17,  40
    .byte    49, 139, 113, 164,  50, 151, 113,  81
    .byte   200,  90, 113, 100, 146,  24,   8,  75
    .byte   116,  23, 115,  91,  30,  20, 115, 237
    .byte    19,  36,   0,  53,   8, 210, 125,   8
    .byte   140,  17,   3,  48,  14, 120,  12,   8
    .byte     2,  16,   4,   0,  13,   8,   5,   0
    .byte     8, 115, 253,  19,  48,   0,  21,   8
    .byte    17,   0,   2, 115,  52, 144,  49,   0
    .byte     8,   0, 130,  93,   4, 249, 236, 239
    .byte   132, 155,  71, 123, 155,  23,  13,   0
    .byte   240, 182, 209, 155,  22, 238,  67, 212
    .byte     0, 240, 185, 155, 105, 181, 155, 112
    .byte    57,  68, 104,  17, 200,  66, 120,  72
    .byte   104,   6, 115,   1, 240,  71, 108,  20
    .byte    24, 215,  70,  17,  16,  84, 146,  36
    .byte   200,   0, 104, 188, 112,  64, 240, 115
    .byte    89,   0, 240, 207,  90,  77, 121, 125
    .byte    54,  97, 248, 144, 228, 144,  72,   8
    .byte    17, 201,  82, 121, 168, 146,  89,   8
    .byte    72, 117,  18,  17,  29,  52,  90, 113
    .byte     0, 240, 142,  88, 168, 252, 236, 167
    .byte   171,  28,  41, 200, 163, 112, 141,  17
    .byte     0, 240,  15,  80, 172, 145,  28, 115
    .byte   132, 148, 192, 200,   4, 120,  72, 146
    .byte    25,   8,  28,   0,  23, 115, 193,  24
    .byte   185,   8,  73,  16,  76,   0, 192,   0
    .byte   113,   1,  14, 115, 132,  26,   0, 240
    .byte    78,  89,   1, 240, 132, 109, 251,  29
    .byte   125,   0,  20, 124, 204, 199, 114,   0
    .byte   104,  12,   0,   9,  16, 125,  79,  24
    .byte     0,  72, 146, 155, 128,  84, 155, 103
    .byte   113,   0, 240,  82, 155,  32,  85,  95
    .byte   212,  91,  22,  84,  91,   6, 155,  80
    .byte    87, 155, 122, 101,  84, 144,  91,  30
    .byte    62, 209,   4, 104, 196, 200,   2, 120
    .byte     8, 155,  32,  91,   7, 108,  65,  26
    .byte   211,  70, 196,  16,  64, 146,  21, 121
    .byte    16, 155,   0, 116,   8, 236, 200, 150
    .byte   120, 155,  28,  18, 131, 212,  96, 144
    .byte   157, 121,  44, 155,   0,  73, 202,   1
    .byte   112, 228, 144, 200, 144, 208, 144,   2
    .byte   240, 133, 212, 125,  98, 216, 212,  18
    .byte   115, 125,  66, 148, 125,   2,  13, 115
    .byte   236,  24, 200, 104,  59, 200, 198, 112
    .byte    49,  16,   4,   0,  44,   0,  76, 146
    .byte     0, 240, 232, 212,  32, 145,   1, 115
    .byte   128, 105,   0, 240,  17, 209, 200, 144
    .byte   155, 186, 129, 155, 209, 163,  77,  94
    .byte    82, 120, 156, 120, 243, 120,  79,  15
    .byte     1,  15, 124,  28,  13, 172,  36, 113
    .byte   221, 145,  32, 105, 100,  51, 192, 105
    .byte     1, 240, 142, 121,  16, 145, 124, 145
    .byte    96, 125,  45,  32, 115, 244, 120, 192
    .byte   104, 188, 144,   3, 240,  85, 122, 192
    .byte   104, 132, 249, 243,  23,  91,  22,  15
    .byte    91,  11,   1, 240,   4, 120, 189, 152
    .byte   207,  57,   1, 240,  47, 121, 125, 211
    .byte   209, 167,  28, 204,   1, 240, 114, 113
    .byte   125,  73,   2, 240, 125,   0, 122, 132
    .byte   249, 241,  23,  91,  54,  55, 115, 185
    .byte   152, 206,  57,  55, 121,  78,  15,  33
    .byte   105,  12,  20,  13,  15,  83,  27, 160
    .byte   105, 134,  51, 192, 106,   1, 240,   1
    .byte   122,  24, 145, 252, 125,  38,   1, 240
    .byte    43, 115,  69, 122,  18, 248, 236, 207
    .byte   192, 104, 148, 125,  36,  50, 248, 236
    .byte    79, 192, 106,   2, 240,  26, 115,  67
    .byte   122,   0, 125,  45, 240,  23, 192, 106
    .byte   183, 252, 236,  79,   2, 240,  17, 115
    .byte   209, 167, 131,  29, 160,  34, 245,  42
    .byte    84,  34,  65,  42,  20,  64,   1, 240
    .byte    14, 125,  14,   7, 125,  14, 128, 104
    .byte   164, 125,   5,  55, 125, 142,   1, 240
    .byte    61, 115,  68, 122, 188,  57, 192, 106
    .byte   180, 249, 251,  23,  73, 176,  48, 144
    .byte   155,  18, 208,  51, 113, 202,  22, 202
    .byte    14, 182,  40, 224, 104,  62,  24,  23
    .byte    32,   2,  40,  52, 125,  16,  41, 115
    .byte   101, 171, 161, 113, 224, 106,  77,  28
    .byte   224,  36, 245,  42, 148,  36, 125,  91
    .byte    67,  51,   0, 104,  34, 121,  32, 144
    .byte   112, 125,  11,  11, 125,  50, 173,  57
    .byte   132, 249, 242,  23, 195,  22, 192,  14
    .byte    52,  40, 125,  95,  15, 115, 221, 145
    .byte   155, 144,  51, 192, 105, 155,  31, 114
    .byte     0, 105,  65,  27, 176,  34, 132,  34
    .byte   196, 253, 236, 167, 128,  44,  32,  65
    .byte   148,  44,   1, 115, 112, 144,   0, 106
    .byte   208, 166, 152, 248, 112,   7,  67,  86
    .byte    76, 248, 144,   7,   2,  85, 209, 167
    .byte   128, 145,  32, 146, 156, 144,  56, 144
    .byte    61, 162, 196,  42, 179,  70,  21, 160
    .byte   136,  43, 148,  68,  41, 161, 140,  43
    .byte    34,  68,  61, 161, 179,  66,   3,  92
    .byte     1, 248, 162,  15,   2,  92, 131, 252
    .byte   160,  15, 128, 248, 236, 151, 128, 145
    .byte   209,  70,  33,  62,   3,  58, 148, 252
    .byte   162,  15,  62, 250,  40,  15,  21, 153
    .byte    93, 117, 128, 104,  77,  94,  10,  65
    .byte   157, 167,  31,  41, 253, 160,   1, 161
    .byte    68,  67,  66, 122, 148, 249, 251,  23
    .byte     1, 240,  72, 108,  29,  56,  52,  64
    .byte   114,  65,  12, 144, 156, 145, 155, 210
    .byte    29, 155,  56,  69,  64, 240,  52,  96
    .byte     2, 240, 132, 155,  72,  71,  91,  88
    .byte   124,  91,  40,  12,   0,  91,  10,  91
    .byte     1,   1,   0,   1,   1,  15,  12,  14
    .byte     0,  16,  91,   6,  20,  91,   2, 120
    .byte    39,   4,   0,  18,  91,   4,   7,  15
    .byte     0,   0,   2,  30,   3, 128,   0,   0
    .byte     3, 128, 255,  91,   8, 112,  23, 240
    .byte   255,  48,  24, 240, 255,  56,  27, 240
    .byte   255,  28,  28, 240, 255,   2, 128,   3
    .byte   128,   6,  91,  15, 125,  82,   2,  91
    .byte     3,  37, 100,  13,  10,  91,  23,  91
    .byte   244,  91, 180,  24,  19,   4,   0, 192
    .byte    17,   4,   0, 156,  91,   2, 140,  91
    .byte     2, 200,  25,  91,  50, 108,  91,   2
    .byte    64,   2,   4,   0,  16,  91,   2, 176
    .byte     1,   4,   0,  80,  91,   2,  32,  91
    .byte     2, 244,   0,   4,   0, 208,  91,  14
    .byte   220, 155,  64,   5,  32,  32,  91, 177
    .byte    48,  48,  91, 177, 168,  45,   4,   0
    .byte   128, 110,   4,   0,  84,  91,   4, 124
    .byte    91,   2, 120, 255,   7,   0, 112,  64
    .byte   155,  48, 103,  10,  91,  66,   2,   0
    .byte     2, 128, 155,  16,  95,  32, 161,   7
    .byte     0,  62, 254, 255, 255,  88, 158, 255
    .byte   255,  96, 121, 254, 255, 127, 255, 255
    .byte   255, 128, 132,  30,   0, 143,  91,   4
    .byte   157,  91,   2, 160, 134,   1,   0, 175
    .byte    91,   4, 189,  91,   2, 208,  91,   2
    .byte   224,  91,   2, 246,  91,   2, 248,  91
    .byte     2, 252,  91,   2, 254,  91,   2,  91
    .byte     1, 127,  48,  49,  50,  51,  52,  53
    .byte    54,  55,  56,  57,  65,  66,  67,  68
    .byte    69,  70, 125, 103,  91, 122,  97,  98
    .byte    99, 100, 101, 102,  91,  26,  98, 117
    .byte   103,  32, 105, 110,  32, 118, 102, 112
    .byte   114, 105, 110, 116, 102,  58,  32,  98
    .byte    97, 100,  91,   2, 115, 101,  91,  14
    .byte   104,  21,   4,   0, 152,  91,   2, 200
    .byte    91,   2, 248,  91,   2,  40,  22,   4
    .byte     0,  88,  91,   2, 136,  91,   2, 184
    .byte    91,   2, 232,  91,   2,  24,  23,   4
    .byte     0, 132,  91,  14, 180,  91,   2, 228
    .byte    91,   2,  20,  91,  10,  68,  91,   2
    .byte   116,  91,   2, 164,  91,   2, 212,  91
    .byte     2,   4, 125,   3,  52,  91,   2, 155
    .byte    48, 190, 155,  48, 109,  91, 241,  91
    .byte    49,  72,  17,   4,   0,  22,  91,   4
    .byte    36,  91,   4,  62,  91,  74, 116,  91
    .byte     6, 124, 249,   7,   0, 132, 110, 125
    .byte    19,   5,  91,   2,   4,  91,  20, 125
    .byte    22,   7,  91,   2,  10,  91,   2,   8
    .byte    91,   2,  13,  91,   2,  12,  91,   2
    .byte     6,  91,   2,   4,   1,   0
    .align 2
compressedBinaryEnd:

//Code for decompressing the compressed binary
decompressor:
    ldc r0, 91
    ldc r1, 125
    ldc r2, 155
    ldap r11, compressedBinaryEnd
    or r3, r11, r11
    ldc r4, 0x400
    shl r4, r4, 8
    or r5, r4, r4
    ldap r11, compressedBinary
    ldc  r6, 0
loop:
    lsu  r10, r11, r3
    bf   r10, done
    ld8u r7, r11[r6]
    add  r11, r11, 1
    eq   r10, r7, r0
    bt   r10, marker
    eq   r10, r7, r1
    bt   r10, marker
    eq   r10, r7, r2
    bt   r10, marker
copyChar:
    st8  r7, r4[r6]
    add  r4, r4, 1
    bu   loop
marker:
    ld8u r8, r11[r6]
    add  r11, r11, 1
    bf   r8, copyChar
    eq   r10, r7, r0
    bt   r10, marker0
    eq   r10, r7, r1
    bt   r10, marker1
marker2:
    shr  r7, r8, 4
    zext r8, 4
    ld8u r10, r11[r6]
    add  r11, r11, 1
    shl  r8, r8, 8
    or   r8, r8, r10
    bu   adjustR8
marker1:
    shr  r7, r8, 6
    zext r8, 6
adjustR8:
    add  r8, r8, 11
    add  r8, r8, 4
    bu   copyManyChars
marker0:
    shr  r7, r8, 4
    zext r8, 4
copyManyChars:
    shl  r8, r8, 1
    add  r7, r7, 3
    sub  r9, r6, r8
loopChar:
    ld8u r10, r4[r9]
    st8  r10, r4[r6]
    add  r4, r4, 1
    sub  r7, r7, 1
    bt   r7, loopChar
    bu   loop
done:
    ldc r0, record_decompression_time
    bf r0, real_done
    getr r0, 1
    in r1, res[r0]
  ldc r2, 0x7ff
  shl r2, r2, 8
    ldc r3, 0xd0
  or  r2, r2, r3
    ldw r4, r2[0]
    sub r1, r1, r4
    stw r1, r2[0]
    freer res[r0]
real_done:
    bau  r5

